vert_interp_lev 8 200 5000 0.000000 0.000000 2.025683 4.007898
vert_interp_lev 8 200 6000 0.000000 0.000000 2.391552 4.542867
vert_interp_lev 8 200 7000 0.000000 0.000000 2.781552 5.342857
vert_interp_lev 8 200 8000 0.000000 0.000000 3.380044 6.126194
vert_interp_lev 8 400 5000 0.000000 0.000000 3.968745 7.665370
vert_interp_lev 8 400 6000 0.000000 0.000000 4.777696 9.548542
vert_interp_lev 8 400 7000 0.000000 0.000000 5.584496 10.615953
vert_interp_lev 8 400 8000 0.000000 0.000000 6.786221 11.797016
vert_interp_lev 8 800 5000 0.000000 0.000000 7.916394 14.574607
vert_interp_lev 8 800 6000 0.000000 0.000000 10.191789 17.454652
vert_interp_lev 8 800 7000 0.000000 0.000000 11.110815 19.854951
vert_interp_lev 8 800 8000 0.000000 0.000000 13.575030 23.259041
vert_interp_lev 8 1600 5000 0.000000 0.000000 16.978264 28.009271
vert_interp_lev 8 1600 6000 0.000000 0.000000 20.454405 33.353882
vert_interp_lev 8 1600 7000 0.000000 0.000000 23.766256 39.254475
vert_interp_lev 8 1600 8000 0.000000 0.000000 27.184695 45.052960
vert_interp_lev 8 3200 5000 0.000000 0.000000 34.125087 55.011355
vert_interp_lev 8 3200 6000 0.000000 0.000000 40.536094 66.684695
vert_interp_lev 8 3200 7000 0.000000 0.000000 46.914677 77.088792
vert_interp_lev 8 3200 8000 0.000000 0.000000 54.390153 88.032464
vert_interp_lev 8 6400 5000 0.000000 0.000000 68.135880 110.180044
vert_interp_lev 8 6400 6000 0.000000 0.000000 81.829317 131.724978
vert_interp_lev 8 6400 7000 0.000000 0.000000 93.952942 153.996375
vert_interp_lev 8 6400 8000 0.000000 0.000000 107.283861 174.165915
vert_interp_lev 8 8000 8000 0.000000 0.000000 134.614410 216.482011
