fft 1 128 1 0.004132 0.000000 0.008784 0.000000
fft 1 256 1 0.001517 0.000000 0.011148 0.000000
fft 1 512 1 0.001311 0.000000 0.016420 0.000000
fft 1 1024 1 0.001533 0.000000 0.032504 0.000000
fft 1 2048 1 0.002641 0.000000 0.002810 0.000000
fft 1 4096 1 0.005150 0.000000 0.005973 0.000000
fft 1 8192 1 0.015239 0.000000 0.018487 0.000000
fft 1 16384 1 0.030656 0.000000 0.039740 0.000000
fft 1 32768 1 0.064034 0.000000 0.083102 0.000000
fft 1 65536 1 0.134835 0.000000 0.182485 0.000000
fft 1 131072 1 0.286001 0.000000 0.376786 0.000000
fft 1 262144 1 0.620167 0.000000 0.846997 0.000000
fft 1 524288 1 1.342111 0.000000 1.840732 0.000000
fft 1 1048576 1 2.978663 0.000000 4.777565 0.000000
fft 1 2097152 1 6.545537 0.000000 11.212044 0.000000
fft 1 4194304 1 16.121440 0.000000 24.861796 0.000000
fft 1 8388608 1 33.889124 0.000000 53.297870 0.000000
fft 1 16777216 1 80.208668 0.000000 114.987960 0.000000
