40
1       100   1
1       100   1
1       128   1
1       200   1
1       256   1
1       400   1
1       512   1
1       800   1
1      1000   1
1      1024   1
1      1500   1
1      2048   1
1      3000   1
1      4096   1
1      6000   1
1      8192   1
1     10000   1
1     16384   1
1     20000   1
1     32768   1
1     40000   1
1     65536   1
1     80000   1
1    100000   1
1    131072   1
1    200000   1
1    262144   1
1    400000   1
1    524288   1
1    800000   1
1   1048576   1
1   1500000   1
1   2097152   1
1   3000000   1
1   4194304   1
1   6000000   1
1   8388608   1
1  16777216   1
1  30000000   1
1  50000000   1
timing_fftdata.txt
