vert_interp_lev 8 200 5000 0.000000 0.678454 0.000000 0.814699
vert_interp_lev 8 200 6000 0.000000 0.558778 0.000000 0.957250
vert_interp_lev 8 200 7000 0.000000 0.631571 0.000000 1.091862
vert_interp_lev 8 200 8000 0.000000 0.706072 0.000000 1.232541
vert_interp_lev 8 400 5000 0.000000 0.834402 0.000000 1.495605
vert_interp_lev 8 400 6000 0.000000 0.986482 0.000000 1.789078
vert_interp_lev 8 400 7000 0.000000 1.135530 0.000000 2.040331
vert_interp_lev 8 400 8000 0.000000 1.288043 0.000000 2.311049
vert_interp_lev 8 800 5000 0.000000 1.550157 0.000000 2.879890
vert_interp_lev 8 800 6000 0.000000 1.864402 0.000000 3.403869
vert_interp_lev 8 800 7000 0.000000 2.141197 0.000000 3.956187
vert_interp_lev 8 800 8000 0.000000 2.426404 0.000000 4.490875
vert_interp_lev 8 1600 5000 0.000000 2.983498 0.000000 5.574693
vert_interp_lev 8 1600 6000 0.000000 3.560849 0.000000 6.664019
vert_interp_lev 8 1600 7000 0.000000 4.128790 0.000000 7.744609
vert_interp_lev 8 1600 8000 0.000000 4.726960 0.000000 8.824599
vert_interp_lev 8 3200 5000 0.000000 5.814877 0.000000 11.087797
vert_interp_lev 8 3200 6000 0.000000 6.973277 0.000000 13.226263
vert_interp_lev 8 3200 7000 0.000000 8.134298 0.000000 15.524084
vert_interp_lev 8 3200 8000 0.000000 9.303472 0.000000 17.517560
vert_interp_lev 8 6400 5000 0.000000 11.530781 0.000000 21.894389
vert_interp_lev 8 6400 6000 0.000000 13.820020 0.000000 26.225727
vert_interp_lev 8 6400 7000 0.000000 16.090954 0.000000 30.664176
vert_interp_lev 8 6400 8000 0.000000 18.415937 0.000000 34.900033
vert_interp_lev 8 8000 8000 0.000000 22.798633 0.000000 43.675034
