vert_interp_lev 8 200 5000 0.000000 0.669866 0.000000 0.785992
vert_interp_lev 8 200 6000 0.000000 0.555255 0.000000 0.912963
vert_interp_lev 8 200 7000 0.000000 0.624503 0.000000 1.048521
vert_interp_lev 8 200 8000 0.000000 0.700979 0.000000 1.187662
vert_interp_lev 8 400 5000 0.000000 0.829659 0.000000 1.451937
vert_interp_lev 8 400 6000 0.000000 0.973644 0.000000 1.735946
vert_interp_lev 8 400 7000 0.000000 1.130624 0.000000 1.979053
vert_interp_lev 8 400 8000 0.000000 1.275962 0.000000 2.241394
vert_interp_lev 8 800 5000 0.000000 1.541458 0.000000 2.810425
vert_interp_lev 8 800 6000 0.000000 1.854174 0.000000 3.299383
vert_interp_lev 8 800 7000 0.000000 2.119448 0.000000 3.865097
vert_interp_lev 8 800 8000 0.000000 2.404319 0.000000 4.354100
vert_interp_lev 8 1600 5000 0.000000 2.968893 0.000000 5.409356
vert_interp_lev 8 1600 6000 0.000000 3.522332 0.000000 6.464932
vert_interp_lev 8 1600 7000 0.000000 4.111957 0.000000 7.520277
vert_interp_lev 8 1600 8000 0.000000 4.669509 0.000000 8.563940
vert_interp_lev 8 3200 5000 0.000000 5.748253 0.000000 10.846963
vert_interp_lev 8 3200 6000 0.000000 6.892114 0.000000 12.926491
vert_interp_lev 8 3200 7000 0.000000 8.035448 0.000000 15.116334
vert_interp_lev 8 3200 8000 0.000000 9.197805 0.000000 17.007865
vert_interp_lev 8 6400 5000 0.000000 11.477752 0.000000 21.237120
vert_interp_lev 8 6400 6000 0.000000 13.723305 0.000000 25.438443
vert_interp_lev 8 6400 7000 0.000000 15.966950 0.000000 29.755176
vert_interp_lev 8 6400 8000 0.000000 18.226907 0.000000 33.987018
vert_interp_lev 8 8000 8000 0.000000 22.514744 0.000000 42.400235
