fft 1 128 1 0.000017 0.015354 0.000007 0.000282
fft 1 128 1 0.000007 0.000243 0.000007 0.000314
fft 1 256 1 0.000015 0.000190 0.000015 0.000282
fft 1 512 1 0.000033 0.000274 0.000083 0.000316
fft 1 1024 1 0.000103 0.000299 0.000191 0.000534
fft 1 2048 1 0.000178 0.000343 0.000440 0.000546
fft 1 4096 1 0.000420 0.000375 0.000991 0.000896
fft 1 8192 1 0.001029 0.000540 0.002007 0.000866
fft 1 16384 1 0.002235 0.000736 0.004194 0.001322
fft 1 32768 1 0.005042 0.001130 0.009858 0.002441
fft 1 65536 1 0.010683 0.002026 0.022046 0.005108
fft 1 131072 1 0.025883 0.004207 0.054809 0.010024
fft 1 262144 1 0.065570 0.008404 0.152927 0.020022
fft 1 524288 1 0.145593 0.017322 0.203509 0.040704
fft 1 1048576 1 0.377634 0.036145 0.487511 0.085088
fft 1 2097152 1 1.017008 0.074428 1.297751 0.160413
fft 1 4194304 1 2.562314 0.140276 2.745725 0.312949
fft 1 8388608 1 5.423976 0.270202 6.007803 0.589245
fft 1 16777216 1 11.488499 0.527598 12.695078 1.163368
