fft2d 1 10 10 0.000007 0.018526 0.000008 0.000409
fft2d 1 10 10 0.000003 0.000385 0.000002 0.000395
fft2d 1 32 32 0.000019 0.000419 0.000025 0.000463
fft2d 1 50 50 0.000150 0.000480 0.000166 0.000520
fft2d 1 64 64 0.000093 0.000485 0.000199 0.000572
fft2d 1 80 80 0.000281 0.000530 0.000418 0.000676
fft2d 1 100 100 0.000416 0.000605 0.000657 0.000830
fft2d 1 128 128 0.000554 0.000720 0.001864 0.001037
fft2d 1 200 200 0.001837 0.001227 0.002907 0.002093
fft2d 1 256 256 0.026051 0.001593 0.024000 0.003145
fft2d 1 400 400 0.009126 0.003403 0.011911 0.006564
fft2d 1 512 512 0.184809 0.005179 0.202524 0.011235
fft2d 1 800 800 0.052418 0.013034 0.085078 0.032878
fft2d 1 1000 1000 0.090987 0.016583 0.178909 0.033150
fft2d 1 1024 1024 1.966519 0.026272 1.221865 0.039544
fft2d 1 1500 1500 0.259789 0.037361 0.496974 0.071548
fft2d 1 2048 2048 11.874785 0.069165 11.111071 0.127325
fft2d 1 3000 3000 1.099602 0.136683 1.896160 0.267954
fft2d 1 4096 4096 67.129284 0.245223 62.148816 0.483032
fft2d 1 6000 6000 5.060096 0.531718 7.654380 1.059969
fft2d 1 8192 8192 492.470341 0.957952 14.115209 1.929493
fft2d 1 10000 10000 13.309559 1.446841 20.549373 2.896227
