fft 1 128 1 0.000033 0.000000 0.000029 0.000000
fft 1 128 1 0.000026 0.000000 0.000026 0.000000
fft 1 256 1 0.000079 0.000000 0.000067 0.000000
fft 1 512 1 0.000122 0.000000 0.000117 0.000000
fft 1 1024 1 0.000245 0.000000 0.000253 0.000000
fft 1 2048 1 0.000531 0.000000 0.000585 0.000000
fft 1 4096 1 0.000843 0.000000 0.002130 0.000000
fft 1 8192 1 0.004353 0.000000 0.004697 0.000000
fft 1 16384 1 0.007912 0.000000 0.009768 0.000000
fft 1 32768 1 0.019273 0.000000 0.020837 0.000000
fft 1 65536 1 0.041690 0.000000 0.049476 0.000000
fft 1 131072 1 0.098656 0.000000 0.128422 0.000000
fft 1 262144 1 0.257935 0.000000 0.283875 0.000000
fft 1 524288 1 0.564448 0.000000 0.688039 0.000000
fft 1 1048576 1 1.364283 0.000000 2.087104 0.000000
fft 1 2097152 1 4.035535 0.000000 5.472534 0.000000
fft 1 4194304 1 10.588772 0.000000 14.015700 0.000000
fft 1 8388608 1 27.316354 0.000000 44.724262 0.000000
fft 1 16777216 1 89.600182 0.000000 81.291616 0.000000
