varrayMinMaxMV 8 200 5000 0.149658 0.187366 0.508666 0.074527
varrayMinMaxMV 8 200 6000 0.179383 0.048271 0.610191 0.088704
varrayMinMaxMV 8 200 7000 0.209652 0.055265 0.711922 0.101822
varrayMinMaxMV 8 200 8000 0.239250 0.062548 0.813884 0.116053
varrayMinMaxMV 8 400 5000 0.298974 0.076241 1.017409 0.148268
varrayMinMaxMV 8 400 6000 0.358948 0.090653 1.221592 0.204281
varrayMinMaxMV 8 400 7000 0.418676 0.105745 1.424745 0.269229
varrayMinMaxMV 8 400 8000 0.478524 0.120397 1.628991 0.334471
varrayMinMaxMV 8 800 5000 0.598327 0.154426 2.035221 0.454659
varrayMinMaxMV 8 800 6000 0.718670 0.180831 2.441868 0.394710
varrayMinMaxMV 8 800 7000 0.838578 0.213328 2.849254 0.513179
varrayMinMaxMV 8 800 8000 0.957928 0.248803 3.255739 0.453625
varrayMinMaxMV 8 1600 5000 1.197194 0.305248 4.069955 0.686461
varrayMinMaxMV 8 1600 6000 1.436486 0.351752 4.883894 0.741642
varrayMinMaxMV 8 1600 7000 1.675861 0.400816 5.698337 0.793832
varrayMinMaxMV 8 1600 8000 1.915220 0.447171 6.511239 0.846898
varrayMinMaxMV 8 3200 5000 2.394309 0.543878 8.139343 1.128939
varrayMinMaxMV 8 3200 6000 2.872179 0.638790 9.769003 1.235296
varrayMinMaxMV 8 3200 7000 3.350840 0.732850 11.395725 1.517691
varrayMinMaxMV 8 3200 8000 3.829245 0.828933 13.025894 1.624358
varrayMinMaxMV 8 6400 5000 4.786818 1.020272 16.280691 2.011857
varrayMinMaxMV 8 6400 6000 5.744489 1.208742 19.538363 2.398952
varrayMinMaxMV 8 6400 7000 6.700839 1.401727 22.791667 2.791010
varrayMinMaxMV 8 6400 8000 7.657034 1.590988 26.045275 3.179445
varrayMinMaxMV 8 8000 8000 9.569912 1.970755 32.559564 3.958732
