fft2d 1 10 10 0.000011 0.015310 0.000005 0.000306
fft2d 1 10 10 0.000005 0.000269 0.000004 0.000282
fft2d 1 32 32 0.000053 0.000324 0.000129 0.000455
fft2d 1 50 50 0.000252 0.000392 0.000236 0.000585
fft2d 1 64 64 0.000307 0.000399 0.000727 0.000581
fft2d 1 80 80 0.000629 0.000456 0.000589 0.000769
fft2d 1 100 100 0.001141 0.000548 0.001097 0.000988
fft2d 1 128 128 0.002239 0.000710 0.003176 0.001329
fft2d 1 200 200 0.004879 0.001229 0.005096 0.003127
fft2d 1 256 256 0.009495 0.001975 0.011515 0.004939
fft2d 1 400 400 0.023605 0.005281 0.025284 0.012861
fft2d 1 512 512 0.064013 0.008016 0.065979 0.019400
fft2d 1 800 800 0.127897 0.021698 0.147579 0.057035
fft2d 1 1000 1000 0.241378 0.033949 0.286996 0.086694
fft2d 1 1024 1024 0.426614 0.035946 0.476398 0.085499
fft2d 1 1500 1500 0.574423 0.084623 0.661870 0.206889
fft2d 1 2048 2048 2.522943 0.138504 2.892593 0.309105
fft2d 1 3000 3000 2.579208 0.311994 3.003443 0.714325
fft2d 1 4096 4096 13.824600 0.524795 15.768885 1.155235
fft2d 1 6000 6000 12.759915 1.223980 14.723288 2.819424
fft2d 1 8192 8192 40.262471 2.103045 77.781792 4.671367
fft2d 1 10000 10000 39.734319 3.193297 56.140929 7.386628
