fft1d 1 100 1 0.000005 0.017278 0.000008 0.000411
fft1d 1 100 1 0.000003 0.000387 0.000003 0.000395
fft1d 1 128 1 0.000002 0.000384 0.000004 0.000385
fft1d 1 200 1 0.000005 0.000397 0.000007 0.000410
fft1d 1 256 1 0.000004 0.000390 0.000008 0.000404
fft1d 1 400 1 0.000008 0.000398 0.000013 0.000424
fft1d 1 512 1 0.000010 0.000399 0.000016 0.000424
fft1d 1 800 1 0.000021 0.000415 0.000042 0.000440
fft1d 1 1000 1 0.000036 0.000420 0.000055 0.000454
fft1d 1 1024 1 0.000020 0.000416 0.000035 0.000451
fft1d 1 1500 1 0.000051 0.000510 0.000084 0.000541
fft1d 1 2048 1 0.000056 0.000449 0.000081 0.000486
fft1d 1 3000 1 0.000095 0.000531 0.000175 0.000645
fft1d 1 4096 1 0.000118 0.000463 0.000285 0.000642
fft1d 1 6000 1 0.000279 0.000649 0.000403 0.000785
fft1d 1 8192 1 0.000350 0.000624 0.000852 0.000899
fft1d 1 10000 1 0.000337 0.000719 0.000623 0.001295
fft1d 1 16384 1 0.001006 0.001007 0.001885 0.001773
fft1d 1 20000 1 0.000830 0.000883 0.001463 0.001278
fft1d 1 32768 1 0.002142 0.001358 0.004069 0.002024
fft1d 1 40000 1 0.001836 0.001212 0.003211 0.001917
fft1d 1 65536 1 0.005155 0.001606 0.019186 0.002910
fft1d 1 80000 1 0.003740 0.001824 0.007154 0.003428
fft1d 1 100000 1 0.005030 0.002275 0.009259 0.004117
fft1d 1 131072 1 0.020718 0.002931 0.110745 0.005591
fft1d 1 200000 1 0.010797 0.003974 0.019189 0.007626
fft1d 1 262144 1 0.119159 0.005419 0.245478 0.011090
fft1d 1 400000 1 0.021808 0.007488 0.041688 0.014267
fft1d 1 524288 1 0.193999 0.010750 0.214922 0.027021
fft1d 1 800000 1 0.046449 0.013827 0.139212 0.040834
fft1d 1 1048576 1 0.516495 0.026596 0.517974 0.041021
fft1d 1 1500000 1 0.129588 0.025687 0.231291 0.049424
fft1d 1 2097152 1 1.595717 0.040129 2.575207 0.071121
fft1d 1 3000000 1 0.321456 0.049186 0.518922 0.094407
fft1d 1 4194304 1 4.806428 0.070334 5.590011 0.132133
fft1d 1 6000000 1 0.919862 0.094432 1.359856 0.185845
fft1d 1 8388608 1 9.916427 0.131594 11.754503 0.252847
fft1d 1 16777216 1 20.088766 0.254146 24.192248 0.495254
fft1d 1 30000000 1 2.973483 0.447619 4.963868 0.879594
fft1d 1 50000000 1 7.368083 0.731925 12.852368 1.444148
