vert_interp_lev 8 200 5000 0.460000 0.750000 1.130000 1.080000
vert_interp_lev 8 200 6000 0.890000 2.830000 1.320000 1.300000
vert_interp_lev 8 200 7000 1.130000 3.500000 1.570000 1.550000
vert_interp_lev 8 200 8000 1.320000 4.140000 1.890000 1.880000
vert_interp_lev 8 400 5000 1.550000 4.530000 2.470000 2.440000
vert_interp_lev 8 400 6000 1.960000 5.820000 3.020000 3.010000
vert_interp_lev 8 400 7000 2.420000 7.140000 3.610000 3.580000
vert_interp_lev 8 400 8000 2.880000 8.530000 4.370000 4.340000
vert_interp_lev 8 800 5000 3.380000 9.330000 5.220000 5.190000
vert_interp_lev 8 800 6000 4.330000 12.030000 6.690000 6.660000
vert_interp_lev 8 800 7000 5.320000 14.740000 7.360000 7.320000
vert_interp_lev 8 800 8000 6.410000 17.660000 8.930000 8.880000
vert_interp_lev 8 1600 5000 7.070000 20.220000 14.210000 14.120000
vert_interp_lev 8 1600 6000 11.810000 26.900000 16.300000 16.220000
vert_interp_lev 8 1600 7000 13.630000 32.140000 18.430000 18.330000
vert_interp_lev 8 1600 8000 16.180000 38.270000 20.560000 20.470000
vert_interp_lev 8 3200 5000 17.760000 41.130000 24.880000 24.720000
vert_interp_lev 8 3200 6000 21.470000 51.600000 29.120000 28.960000
vert_interp_lev 8 3200 7000 25.050000 62.040000 33.430000 33.280000
vert_interp_lev 8 3200 8000 28.250000 72.490000 37.690000 37.530000
vert_interp_lev 8 6400 5000 31.960000 78.690000 46.350000 46.060000
vert_interp_lev 8 6400 6000 39.700000 99.710000 54.950000 54.580000
vert_interp_lev 8 6400 7000 46.450000 120.620000 62.730000 62.440000
vert_interp_lev 8 6400 8000 52.700000 141.700000 71.430000 71.130000
vert_interp_lev 8 8000 8000 60.140000 154.170000 89.300000 88.720000
