fft 1 100 1 0.000014 0.015326 0.000007 0.000379
fft 1 100 1 0.000007 0.000252 0.000006 0.000342
fft 1 128 1 0.000007 0.000265 0.000007 0.000265
fft 1 200 1 0.000012 0.000263 0.000013 0.000279
fft 1 256 1 0.000015 0.000200 0.000015 0.000295
fft 1 400 1 0.000030 0.000271 0.000076 0.000344
fft 1 512 1 0.000037 0.000280 0.000084 0.000309
fft 1 800 1 0.000077 0.000286 0.000174 0.000423
fft 1 1000 1 0.000101 0.000298 0.000240 0.000432
fft 1 1024 1 0.000080 0.000300 0.000192 0.000507
fft 1 1500 1 0.000153 0.000376 0.000388 0.000607
fft 1 2048 1 0.000178 0.000337 0.000436 0.000549
fft 1 3000 1 0.000326 0.000419 0.000839 0.000648
fft 1 4096 1 0.000411 0.000386 0.000962 0.000891
fft 1 6000 1 0.000726 0.000476 0.001809 0.000770
fft 1 8192 1 0.001023 0.000542 0.001965 0.000841
fft 1 10000 1 0.001368 0.000531 0.003071 0.001279
fft 1 16384 1 0.002295 0.000736 0.004203 0.001305
fft 1 20000 1 0.002889 0.000804 0.006827 0.001655
fft 1 32768 1 0.005095 0.001118 0.009764 0.002568
fft 1 40000 1 0.005968 0.001299 0.015011 0.003275
fft 1 65536 1 0.010745 0.001993 0.022058 0.004830
fft 1 80000 1 0.013128 0.002526 0.031958 0.006476
fft 1 100000 1 0.018009 0.003209 0.042360 0.008177
fft 1 131072 1 0.026192 0.004105 0.050350 0.009829
fft 1 200000 1 0.036733 0.006353 0.091595 0.016033
fft 1 262144 1 0.057213 0.008156 0.149570 0.019759
fft 1 400000 1 0.082929 0.013016 0.206678 0.033671
fft 1 524288 1 0.146776 0.017037 0.200988 0.040516
fft 1 800000 1 0.190422 0.027428 0.242523 0.069501
fft 1 1048576 1 0.356909 0.035790 0.472248 0.084559
fft 1 1500000 1 0.425020 0.054462 0.501782 0.133294
fft 1 2097152 1 0.987221 0.073769 1.299982 0.156571
fft 1 3000000 1 1.029428 0.105272 1.131180 0.256314
fft 1 4194304 1 2.441708 0.139154 2.731898 0.303791
fft 1 6000000 1 2.294752 0.199771 2.484923 0.473742
fft 1 8388608 1 5.383996 0.267430 5.956331 0.584845
fft 1 16777216 1 11.181295 0.523797 12.689266 1.178582
fft 1 30000000 1 10.594485 0.974012 12.310256 2.307573
fft 1 50000000 1 25.767103 1.584318 29.118721 3.697888
