fft 1 100 1 0.000014 0.015268 0.000007 0.000366
fft 1 100 1 0.000007 0.000249 0.000006 0.000336
fft 1 200 1 0.000015 0.000263 0.000013 0.000278
fft 1 500 1 0.000045 0.000330 0.000114 0.000425
fft 1 800 1 0.000115 0.000298 0.000165 0.000424
fft 1 1000 1 0.000139 0.000298 0.000241 0.000430
fft 1 2000 1 0.000225 0.000358 0.000494 0.000577
fft 1 5000 1 0.000584 0.000438 0.001471 0.000856
fft 1 8000 1 0.000995 0.000482 0.002276 0.000912
fft 1 10000 1 0.001276 0.000519 0.003011 0.001082
fft 1 20000 1 0.002816 0.000802 0.006850 0.001649
fft 1 50000 1 0.007985 0.001591 0.019507 0.003979
fft 1 80000 1 0.012870 0.002529 0.031783 0.006400
fft 1 100000 1 0.017796 0.003180 0.042267 0.008166
fft 1 200000 1 0.036234 0.006335 0.089729 0.016031
fft 1 500000 1 0.131710 0.016579 0.145552 0.042627
fft 1 800000 1 0.190274 0.027624 0.244572 0.069209
fft 1 1000000 1 0.288912 0.034668 0.345968 0.088231
fft 1 2000000 1 0.621719 0.071287 0.699085 0.168553
fft 1 5000000 1 1.949693 0.165741 2.000404 0.397106
fft 1 8000000 1 2.812823 0.262772 3.839175 0.612867
