vert_interp_lev 8 200 5000 0.000000 0.686882 0.000000 0.782884
vert_interp_lev 8 200 6000 0.000000 0.554589 0.000000 0.920183
vert_interp_lev 8 200 7000 0.000000 0.626819 0.000000 1.048263
vert_interp_lev 8 200 8000 0.000000 0.699077 0.000000 1.187766
vert_interp_lev 8 400 5000 0.000000 0.829185 0.000000 1.444648
vert_interp_lev 8 400 6000 0.000000 0.980046 0.000000 1.732380
vert_interp_lev 8 400 7000 0.000000 1.129423 0.000000 1.980834
vert_interp_lev 8 400 8000 0.000000 1.280977 0.000000 2.245098
vert_interp_lev 8 800 5000 0.000000 1.542707 0.000000 2.793208
vert_interp_lev 8 800 6000 0.000000 1.853424 0.000000 3.300598
vert_interp_lev 8 800 7000 0.000000 2.131165 0.000000 3.840371
vert_interp_lev 8 800 8000 0.000000 2.414377 0.000000 4.358514
vert_interp_lev 8 1600 5000 0.000000 2.963179 0.000000 5.409928
vert_interp_lev 8 1600 6000 0.000000 3.539750 0.000000 6.465141
vert_interp_lev 8 1600 7000 0.000000 4.106267 0.000000 7.516655
vert_interp_lev 8 1600 8000 0.000000 4.697546 0.000000 8.571618
vert_interp_lev 8 3200 5000 0.000000 5.787434 0.000000 10.775738
vert_interp_lev 8 3200 6000 0.000000 6.938471 0.000000 12.844011
vert_interp_lev 8 3200 7000 0.000000 8.090188 0.000000 15.064907
vert_interp_lev 8 3200 8000 0.000000 9.255184 0.000000 16.994522
vert_interp_lev 8 6400 5000 0.000000 11.477598 0.000000 21.246018
vert_interp_lev 8 6400 6000 0.000000 13.728068 0.000000 25.457216
vert_interp_lev 8 6400 7000 0.000000 16.012573 0.000000 29.769683
vert_interp_lev 8 6400 8000 0.000000 18.310925 0.000000 33.922548
vert_interp_lev 8 8000 8000 0.000000 22.664729 0.000000 42.474613
